$ANSIBLE_VAULT;1.1;AES256
33306536616463643861376636363931326235613330313137343139626661386162626337613861
6130633139396333363861353332366463356137303931390a326233636434333330306332363963
35613562343962393737366261313238366533663039363366616361386638376133333065353230
3839386666366239360a653466313931646438663534343337633631653664306237646534303061
37636564393962393636386337306664623537323837343564396439373438643432616461306565
65373931393366396438623238363563383031343234643635646235303838613465623035663934
35336431333566623339656236366137313866643337613662636536353136353032653361303837
30363961643434653166626231343735313035343563616137356339356433356332343531303131
30613537383633646631656262376133633362393136323034643964613438643532303063616538
62376531616136613036343231396231346462626634666131356236356665326566643937383562
62366535323365323866353832336230636465636334663863636165663766666161626366636639
32653065316363396331663764386666366337623230653461643837346535663662663932353734
64613862396138623239653239343430623537363736643933376161663466636632336136636438
65663139386664306631626638373261333038663834393336623139326131363137306433376238
39636162353863333664313165633366343431633835336334306133323134313931613435396131
65363364646637633136373939646663316663353433626461653032643863656362323166383235
31396363656132356266306233656263393835366633363066353838633263623731653664313062
61383437353665316632623630373935326136623961396532396430616536353534333562623136
36336661386632663936626162323961336630363234343337636537363231666562383534303036
65313139303063333665346363326138306237633237356366376135333034613463393338336234
61343362313532323932643064313730383230316232376634633262333535633730623866316334
66623738633038626437663631646466303733373336633564336636623435333936343466383263
62376233636339323963343132646136626638616239643631613064346637383739363239383933
30336339363639343961626136613239643338616566303961346263336530636266653331343936
6533
