$ANSIBLE_VAULT;1.1;AES256
65393762323131373964306436353065323139336235656339393737373062316663363735303935
6137346330643337323236656537333463646266393832300a363233363730346139666437613964
36396339643137383131653235613432643062656135383063373663313062303730336439316130
3137326639343534330a616239663837613031313931383566376136653432646230323835396662
65336533663862343931653362353032323364356532383865623733383264336565613463663234
37333561626363353430356431386135383031343136643738666137303434666466656234343564
31326534646537636138626464663733616533313432613434653231663533383534396364323361
63313465363637626162666132653765363934663163623864316438356164386533346436613665
64633135333933303164393634623539376635663535646437363062333962653032303065633638
34616132353032383362376631386130356664393465376132633730633766636432363636633462
62613434653737393937316237663037363635366339313632366261386164373634636431646662
61653439313363336636363264373138343433353631643333616662656630623966323830306339
64633137616338303666386538653736303563333762376165303865363833336231303662306562
31323763396137396233386334613165313234653539353737646230613834653263383439306462
65333536613965366437396338346264313736393936363364393335623761636364306137376336
34383762316266316166376431636130356230323965653662336137373864366464653038636338
66346235353633623937653066396631383462336230353166313433363066326137626262613437
61393564313037313933393564633033336230393337336663613434346264316433313161366431
35633764326364643139303261616639353566396130306334616232643865316634363737616531
64383432383031626432356531653366316535316164336537393737663761373761346562326330
65626233363563346330626165346264313330656435326263656538663837333639323863303461
30616262636137373966666238363133623664303036613735626333326135383332353738393830
39656634653338636661616437643131343938653835613930336535633535623531346661613030
65346138666335383961636261646264636164316561633866653836323963316462663033663961
65323161383732343636343634346137333763323839623266626337633563653937
